-9.72968e-05
0.000195742
0.000725129
2.23035e-05
0.000663228
0.000244672
0.000779555
0.000432326
1.05477e-05
-6.39488e-06
0.000173919
0.000563506
0.000292288
0.000101334
0.000390709
-6.8372e-05
-7.56952e-05
0.000389316
1.99897e-05
0.000119136
0.000178023
4.03842e-05
-5.57978e-05
0.000437015
0.000185712
0.000317906
0.000641139
0.000315485
0.000242024
0.000763192
0.000419048
0.000386638
0.000744019
0.000416626
0.000203543
0.000131222
0.000819589
-0.000172031
0.000569981
0.000405406
0.000730137
-0.000155109
0.000803406
0.000773119
0.000818931
0.000497636
0.000643308
0.000805755
0.0004149
0.000121613
0.000200333
0.000567534
-0.000153694
6.75896e-05
-8.82045e-05
0.000736034
0.000251999
-2.99527e-06
0.000606041
0.000338954
-0.000105791
0.000466699
0.000250771
-1.5177e-05
-6.98549e-05
0.000754484
7.31015e-05
0.000503402
-1.8159e-05
0.000250901
0.000609526
0.000680963
0.000214146
0.000766789
0.000635238
0.000213613
0.000181306
0.000327112
0.000665996
0.000743692
0.000288248
0.000449856
0.000779632
0.000815122
0.00060962
0.000238703
-0.000132775
4.06763e-05
0.000229953
-0.000147487
0.000833576
0.000345926
0.000558669
0.000810922
-0.000163535
0.000236775
0.000640873
0.000821068
0.00013315
0.000257882
1.50701e-05
-6.49246e-05
0.000747638
0.000102979
4.48049e-05
0.000479281
0.000676635
0.000352889
0.000499705
0.000344519
0.000617327
0.000219973
0.000602785
6.19867e-05
0.000506618
0.000185598
0.000388213
-4.95806e-05
-6.83322e-05
0.000159185
0.000275642
-5.84588e-05
0.000762171
0.000564562
-5.20452e-05
-0.000115114
0.000166214
-7.5165e-05
0.000577184
0.00079898
5.07776e-05
0.000528562
0.000723785
0.000554311
0.000461001
-0.00014042
0.000765611
0.000610971
0.000675425
0.000325741
1.61458e-05
0.00058084
0.000585021
0.000145151
0.000107712
1.62449e-05
0.000821209
-0.000135946
-0.000138091
0.000322034
0.00080047
0.000196137
2.76202e-05
0.00032755
-3.79931e-06
5.95069e-05
0.00028969
0.000580236
0.000100434
0.000313083
0.000265991
0.000758318
0.000116561
-4.44264e-05
0.000563455
0.000558852
0.000485209
0.000765436
0.00068367
0.000329677
0.000297576
0.000253379
0.000253626
0.000392384
-1.03701e-05
0.000346213
-0.000141514
0.000637076
6.92613e-06
0.000718201
0.000738775
-2.62981e-06
0.00067843
-4.82441e-05
0.000405575
0.000307617
0.000550164
0.0001412
0.000613038
-8.80357e-05
1.1606e-05
-0.000161809
0.000390507
-9.44417e-05
-1.24782e-05
0.000273586
0.000130971
-9.58865e-05
-0.000150263
0.000233405
-0.000159292
0.000547816
9.54805e-05
-0.000119647
0.000832378
9.99466e-05
0.000672221
-0.000155584
0.000168083
3.65351e-05
0.000159428
-7.63515e-05
-1.86902e-05
0.000745079
0.000313101
0.000162162
0.00025453
0.000359018
0.00010223
0.000420237
0.000766535
-0.000138118
-0.000159324
0.0006169
0.000237416
9.49227e-06
5.14715e-05
0.000271282
0.000247005
0.000272686
0.000429219
0.000457581
0.000474948
0.000386635
-0.000115498
0.000302776
2.78792e-05
-5.34688e-05
0.000780631
0.000406684
-4.83834e-05
0.000306519
0.000236369
-3.12646e-05
-9.9118e-05
0.00017642
0.00019061
0.000247792
0.000176691
0.000446806
-0.000159476
-9.40451e-05
0.000369048
-5.62584e-05
4.19862e-05
0.00058
0.000448199
0.000726682
0.000523471
0.00073556
5.92771e-05
-2.00712e-05
0.00013022
0.000445659
-7.36654e-05
0.000385058
-0.000140927
-4.85028e-05
0.000810439
0.000558702
0.000511262
0.000266957
4.44149e-06
0.000800455
3.27797e-05
0.000229397
0.000376333
0.000128723
0.000126207
-8.75026e-05
0.000554571
0.000743992
0.000418735
0.000516688
-0.000125465
0.000807195
-0.000106411
-0.000160523
0.000780639
0.000827193
0.000280195
0.000412699
0.000285696
8.86149e-05
0.000411262
0.00035942
4.88682e-06
0.000244872
0.000812355
3.67654e-05
4.90559e-05
9.1421e-05
0.000708379
-0.000138287
-9.87327e-05
-2.10984e-05
-0.000103875
0.000233842
0.00033142
0.000437338
-8.06059e-05
-5.04342e-05
1.7592e-05
0.000119045
0.000228821
0.000784831
0.000574734
-6.93168e-05
0.000734546
0.000264029
0.000336798
0.0001075
0.00014366
0.000550133
0.000554082
0.000343522
9.57119e-05
0.000118957
-6.08756e-06
-2.8106e-05
-0.000113033
0.000364507
0.000685904
0.000724576
0.000467069
-2.21901e-06
6.83919e-06
0.000802642
0.000314888
0.000195071
0.000603908
0.000394142
6.20503e-05
0.000428319
0.000806381
0.0004607
0.000669361
-0.00011
0.000186724
9.84799e-05
0.000291725
0.000169671
-8.8999e-05
-1.90963e-05
0.000680702
0.00028465
0.000200607
0.000707176
0.000585713
0.00081349
0.000737831
0.000661306
2.05025e-05
0.000718906
0.000479179
0.000632837
0.000331893
3.33759e-06
0.000740749
0.00064964
0.00046987
0.000764617
0.00035897
0.000652267
-4.59714e-05
0.000787319
0.000448016
0.000638842
5.94171e-05
0.000106586
0.000648562
-4.96898e-05
0.000528615
0.000661476
-0.000106251
0.000176912
0.000646116
-7.93306e-06
0.000305711
0.000574709
0.000520743
0.000146661
0.00043805
0.000548363
0.000708512
4.63338e-05
6.6237e-05
0.000488234
0.000139137
0.000493514
0.000127483
0.000208404
3.82035e-05
0.000270126
-7.4566e-05
0.000542966
0.00027586
0.000216325
0.000497931
0.000267123
0.000208804
0.000761107
-6.74927e-05
0.000644039
6.98885e-05
0.000465652
0.000548303
0.000102853
0.000384791
-5.59707e-05
0.00035091
0.000499573
0.000281652
0.000760041
0.000475871
5.63096e-05
0.000445667
0.000285421
0.000103562
0.00049885
0.000197576
0.000547491
-6.36781e-05
0.000444349
4.73831e-05
0.000185036
-6.34453e-05
0.000404662
-0.000109828
0.000702151
0.000814075
8.61037e-05
0.000608044
0.000786195
0.000722918
0.000181911
6.68641e-05
0.000541913
0.000803929
1.86244e-05
0.000795624
-0.000126965
0.000500961
2.93733e-05
0.000276446
0.000540113
0.000801259
-2.72892e-06
0.000495381
-4.46031e-05
0.000340181
0.000370392
0.000374068
0.000555625
9.71789e-05
0.000506242
0.000143868
0.000724952
0.000796263
0.00071258
-5.33183e-05
0.000167823
0.000500435
0.000298647
0.000112471
0.000745488
0.000783717
0.000753079
-8.16326e-05
0.000412476
0.000330845
0.000480124
0.000394588
0.000554207
0.000161139
0.000749222
0.000830608
0.000177823
0.000525781
0.000658159
0.000357714
0.000388238
9.64463e-05
0.00080869
0.000145429
-0.00016
0.000309636
1.40316e-05
0.000345187
0.000642326
0.000617662
0.0006627
0.000521438
0.000734819
0.00059158
3.88902e-05
0.000763044
0.000517198
0.000758376
-8.39344e-05
0.000308332
-4.97465e-05
0.000390159
0.000266082
0.000755355
0.000363261
1.29542e-05
0.000728125
0.000135122
0.000802799
0.000404293
0.000232071
-0.000152504
0.000656817
-0.000100299
0.000663642
0.000623241
0.000501852
0.000344906
0.000475734
0.000439907
0.000536456
0.00069267
0.000238194
0.000311322
1.42646e-05
0.000431829
0.000712576
0.000114589
0.000498066
0.000167306
0.000234542
0.000391513
0.000735025
0.000143825
0.000550825
0.000468694
-0.000101352
0.000247028
0.000155731
1.04455e-05
0.00046207
0.000386314
7.49723e-05
0.000712531
0.000645276
-1.18811e-05
0.000424159
0.000631819
7.42892e-05
0.000357051
0.000421843
-2.4129e-05
0.000812727
0.000707034
0.000340639
0.00041686
-7.01902e-05
-0.000143432
0.000130875
0.000612518
-0.000166337
0.000238434
0.000581598
0.000194051
0.000357756
-8.47564e-05
0.000752424
-2.32818e-08
0.000348752
0.000641091
0.000133576
-5.14416e-05
7.22454e-05
0.000486482
-7.29352e-05
0.00054945
0.000323999
-3.52064e-05
0.000383286
0.0003909
0.000411518
0.000779825
0.000821594
0.000721197
-7.44381e-06
0.000416985
-0.000124981
0.000682348
0.000120907
0.000770517
0.000800329
0.000531688
0.000382182
0.000602368
0.000155536
0.000558581
0.000231687
-4.62308e-05
0.000352602
0.000821725
0.000307964
-2.64185e-05
0.000523772
-6.60487e-05
0.000489075
0.000597952
-6.89051e-05
3.71409e-05
-9.99278e-05
0.000752215
-9.74616e-05
0.000374212
0.000496862
-2.68634e-05
0.000509917
0.000358796
0.000485577
0.000236881
0.000798261
0.000709607
0.000110896
0.000263606
0.000778772
0.000283541
0.000562362
0.000140852
0.000105343
-0.000130889
0.000606295
0.000470888
0.000212818
5.93319e-05
0.000749015
0.000574735
0.000258395
0.000234766
0.000781978
0.000276663
0.000719334
0.000221467
0.000791742
0.000220371
8.8015e-05
0.00073562
0.000534713
0.000378048
0.000731747
0.000782783
5.24836e-05
0.000683198
0.000642925
0.000801777
0.000696465
0.000264876
-0.000143536
0.000625652
0.000378617
-0.000122602
0.000785879
0.000577311
-0.000161198
0.000730847
0.000105479
0.000299162
0.00059245
-5.61078e-05
-4.56465e-05
7.84899e-05
-5.26762e-05
0.000804132
0.000495033
6.30954e-05
0.000793542
0.000477812
0.000433266
4.24344e-05
0.000764009
0.000172377
0.000351473
0.000365346
0.000702262
0.000218529
0.000342578
0.000622878
0.000224518
0.000576559
2.03709e-05
0.000326959
0.000396832
-4.17513e-05
-6.70474e-05
0.000590987
0.000466664
-0.000128768
0.000553382
0.000652263
0.000559183
0.000733097
1.66196e-05
0.000590627
0.000118303
0.000278041
0.000409281
-7.13157e-05
0.000618133
0.00076368
0.000323698
-0.000132274
0.00054773
0.000320499
0.000767444
0.000659759
0.00055898
0.000532411
0.000548996
0.00074337
0.000478212
0.000100425
0.000501117
5.57108e-05
0.000374956
-0.000170499
0.000799169
0.000610795
-3.75666e-05
0.000451212
0.00058048
0.000531447
0.00022171
0.000711945
0.000271552
-9.6893e-05
0.000515684
0.000738258
0.000146734
0.000836372
0.000181841
0.00063429
0.000721086
0.00022178
0.000282699
0.00038482
6.82276e-06
0.00077887
7.109e-05
0.000309998
0.000613476
0.000746764
0.000123967
0.000206248
0.000730854
0.000603045
0.000447107
0.000726993
0.000373931
-3.52185e-05
0.000249283
0.000599949
0.000496592
0.00051397
0.000121001
0.000363512
0.000296885
0.000316566
0.000132463
3.10947e-05
0.000701278
0.000120514
0.00013055
0.000620794
0.000653198
0.000209944
0.000266443
0.000548745
-9.68753e-05
-9.67422e-05
0.000474014
0.000486263
0.000103016
-2.91402e-05
0.000720412
0.000597279
0.00075511
0.000468334
3.01347e-05
0.000677763
0.000435121
0.000660785
0.000403855
0.000181741
0.000318025
0.000689105
-0.000159657
6.0764e-05
0.000295069
0.000837057
0.000780149
-4.73488e-05
0.000755774
0.00032612
0.00046959
0.000498006
0.000155424
0.000612932
-0.000127703
0.000515881
4.13836e-05
0.000256537
0.000246447
0.00031235
-6.9424e-05
-9.62749e-05
-6.84989e-05
7.47355e-05
0.000491012
0.000314147
0.000231584
0.000414746
0.00047441
0.000142752
0.000755014
-5.37571e-05
-0.000164805
0.000599529
0.000508093
0.000645163
0.000711536
-5.54506e-05
0.000154214
0.000571511
0.000648288
0.000446242
0.000372831
0.000643793
0.00081197
-0.000101007
0.000558744
-6.35748e-05
0.000480863
0.000357169
-0.000148591
0.000464207
0.000738847
0.000214334
0.000386077
0.000260919
0.000573945
5.43104e-05
0.000714939
0.000237947
0.000474284
0.000407883
0.000659157
0.000505854
5.74974e-05
-6.91469e-05
0.000170857
0.000135792
0.000385363
0.000507115
-6.90631e-05
3.38716e-05
-0.000112514
0.000226448
0.000567115
-0.000145497
-5.96599e-05
0.000227312
0.000389972
0.000620041
0.000565745
0.000673124
-0.000139258
0.000303453
0.00078538
-0.000160953
-1.23495e-05
-1.45652e-05
6.65077e-05
0.000637298
3.91303e-05
0.000385893
0.000103435
0.00075096
0.000115502
6.41159e-05
0.00067307
8.24063e-06
0.000343671
0.000412045
-8.25601e-05
0.000393637
0.000675624
0.000219537
-5.31192e-05
0.000428187
0.000579415
0.000656275
0.000493324
0.000194227
0.000795804
0.000657519
0.000187881
0.000403849
0.000823873
-0.000134761
0.000153427
2.15943e-05
-0.000124362
0.000180339
0.000426353
0.00022056
0.000661195
0.000224032
0.000217132
0.000426191
-0.000171657
-0.000117154
0.000260017
0.000306282
0.00011384
0.000524495
0.000518651
0.00012998
5.10881e-05
0.000331601
0.000551787
0.000213298
0.00039912
0.000700129
0.000158804
0.000786557
0.000677811
0.00050513
4.66262e-05
-3.24716e-05
0.000630866
0.000789115
2.76534e-06
0.000438835
0.000644699
0.000121195
-2.69058e-05
0.000228844
0.000124013
0.000578657
0.000771662
0.000703406
0.000194949
4.74062e-05
-1.00973e-05
-0.000159927
0.000250825
0.000682461
0.000583872
0.000543668
0.000692392
0.000743083
1.5608e-05
0.000829477
0.000686975
0.000671635
0.000377863
0.000474185
0.000536661
0.000418296
0.000745981
0.000689572
8.36768e-05
-9.01277e-05
0.000669089
4.1655e-06
0.00045973
-3.89891e-06
0.000495253
1.98516e-07
0.00078587
0.000716127
0.000606262
0.000280178
0.000213842
0.000179172
0.000438373
0.000174188
-0.000144768
-8.68656e-05
0.00043191
0.000388499
0.000350748
