0.000551723
0.000519751
0.000828402
0.000121142
0.000332355
8.28186e-05
-4.83307e-05
0.000550837
0.000169061
0.000579482
0.00067317
0.000111433
9.98853e-05
0.000312879
0.000592658
0.00031667
-7.6977e-05
0.000199431
-0.000166416
9.34903e-05
4.79539e-05
0.00033729
0.000578807
9.28886e-05
0.000731136
0.000177182
0.000809216
0.000277697
0.000755284
4.54557e-06
-6.1874e-05
0.000533383
0.000315032
-0.000137264
0.000175835
-0.000126629
0.000189783
0.000237737
0.000517587
-7.85942e-05
0.000366123
0.000588797
0.000152097
0.000526739
0.000653568
0.000237541
0.000417491
-5.73064e-05
-9.45176e-05
0.000299844
0.00023759
8.53634e-05
0.000353311
3.26419e-05
0.000176689
9.75732e-05
0.000610185
7.04875e-05
-8.27736e-05
0.00052337
0.000587413
0.000437253
0.000511522
0.000337077
0.000337319
0.000703169
0.00046338
-0.000155718
0.000328447
0.000592465
0.000271825
0.000763643
0.000457655
-2.26155e-05
0.000464562
0.000126792
0.000423001
-0.00015916
0.000225948
0.000271178
-4.21149e-05
0.000357769
0.000280168
0.000312949
0.000578365
9.06126e-05
-9.02722e-07
0.000708418
0.000156989
0.000194578
0.000814262
-0.00015843
0.000675718
0.000335924
0.000698821
-1.87587e-06
0.0001875
0.000199546
0.000669318
0.000224645
-7.42568e-05
0.000835329
0.000605213
-9.40496e-05
0.000238347
0.000655319
1.80091e-05
0.000699642
0.000256521
0.00054619
0.000559938
0.000698
0.000311154
0.000134033
0.000182253
0.00078964
5.56567e-05
0.000119585
-4.96817e-05
0.000562527
0.000282206
0.000824472
0.000772454
0.00081538
0.000809585
0.00067085
0.000133946
0.000584922
0.000418577
-1.59728e-05
0.000423634
0.000323427
3.21673e-05
0.00064315
0.000797217
0.000586603
0.000826209
0.000762829
0.000259639
0.000322303
0.000348241
0.000649475
-1.29006e-05
0.000403861
0.000338849
0.000799171
0.000811077
0.000125538
0.00028444
0.00040275
0.000150429
5.12718e-05
0.00048328
0.000552961
7.13174e-05
0.00053468
0.000667184
0.000148988
0.000658459
0.000345419
0.00031573
0.000147717
0.000764534
0.00027493
-0.000115138
0.000682394
0.000179404
2.01829e-06
-0.000136361
0.000656026
0.000294541
0.000273181
0.000115637
0.000675148
-5.6487e-05
0.00081689
-4.654e-05
-0.000136548
0.000690529
-0.000151936
9.67768e-05
0.000121273
7.26894e-06
-0.000167141
0.000144075
0.000288646
0.000454963
0.000562169
0.000707168
0.000316399
0.000726786
0.000588235
-2.43369e-05
1.72475e-05
7.45927e-05
-5.58314e-05
0.000730987
0.000443023
0.000428084
-0.000104637
0.000501719
0.000176561
0.00075311
0.000399108
0.000214553
0.000306707
0.000580595
7.80526e-05
-4.49097e-05
0.000540742
0.000631024
0.000694247
0.000750427
2.33211e-06
0.000624106
0.00080409
0.000398579
-0.000146886
0.000416986
0.000648257
7.21749e-05
0.00021456
0.000346296
0.000657095
0.000710303
0.000717851
0.000404627
0.000142891
-0.000158996
-1.74832e-05
0.000304409
0.000620457
0.00045308
0.000388759
0.000682467
0.00076247
1.59407e-05
0.000454678
-0.000136179
0.000678659
0.000286201
0.000757965
-9.99308e-05
0.000806305
0.000255698
0.000409198
0.000711434
-2.81398e-05
0.000319843
0.000232331
2.18246e-05
0.0007918
0.000311653
0.00049585
0.000438797
0.000728239
0.000419965
-6.96461e-05
0.000514055
0.00038628
0.000388688
0.000701195
0.000322493
0.000664698
0.000277774
1.76624e-05
0.000678404
0.000363044
0.000523629
0.000596878
0.000607413
0.000245116
0.000554482
7.15574e-05
0.000707341
0.000719855
0.000280897
0.000575928
-0.00012152
0.0001479
-0.000159034
0.000143094
0.000321004
0.000541104
0.000588727
0.000175076
0.000496005
-1.92357e-05
-4.9569e-05
4.66882e-05
0.000209754
0.000305906
0.000327822
0.000555863
0.000266493
0.000776082
0.000711597
2.88767e-05
0.000724854
6.57558e-06
0.00038255
-9.81181e-05
0.000673856
0.000151377
0.000723518
0.000500198
-6.77973e-05
0.000219458
0.000265485
0.000264049
0.000375665
0.000421116
0.000445055
4.91388e-05
0.000338725
0.000531084
0.000214821
-8.51581e-05
5.64104e-05
-0.000102404
0.000793237
0.000693084
0.000402658
0.000399916
0.000168221
0.000666355
0.000170789
0.000226463
0.000468379
0.000733078
0.00047259
0.00059358
0.000708055
0.000415059
4.32563e-05
0.000479388
0.000724746
0.000241912
0.000354614
0.00036377
0.000520829
-0.000102575
-7.16135e-05
-8.69411e-05
-2.30003e-05
0.000467133
0.000418108
0.000589544
0.000752233
0.000765726
0.000172557
3.0933e-05
-0.000157809
6.84422e-05
0.000519735
7.7276e-05
0.000426434
0.000174908
0.000504012
0.000584457
6.46757e-05
0.000717011
-0.000126345
0.00062085
0.000344648
0.000606103
-3.69721e-06
0.00029565
2.32634e-05
0.000362591
0.000579755
-5.75883e-05
0.000807876
0.000152947
0.000105536
1.277e-06
0.000396316
0.000502205
-2.61032e-05
0.000131581
0.000228497
0.000744347
0.000478929
0.000657439
0.000673586
0.000468081
-5.68322e-05
0.000187975
0.000377677
0.000750914
0.000336171
0.000811762
-3.09687e-05
0.000254268
-9.17806e-05
0.000707644
0.000122977
6.51624e-05
0.000624747
2.07617e-05
0.000637751
4.58611e-05
0.000278623
0.000420372
0.00035458
-0.000140616
4.54198e-05
-7.68627e-05
0.000699987
4.88515e-05
0.000447271
0.000624265
0.00034026
0.000696062
0.000572356
0.000505402
0.000552098
7.28318e-06
0.000676414
0.000299438
0.000659347
-0.00012251
0.00018501
4.63906e-05
0.000382403
0.000247339
0.000272484
0.000820189
0.000569315
0.000721994
0.00069993
-0.000113958
8.59809e-05
0.000255682
0.000231243
0.000299947
0.000609894
0.00061906
0.000186259
-0.000115362
0.00047313
0.000731469
0.000140914
0.00026247
0.000350228
0.000705678
0.000493791
0.000251295
0.000184784
9.42818e-05
0.000473343
0.000549218
0.000465174
0.000761122
0.000265761
0.000250484
0.000218755
0.000249794
0.000180074
0.000157002
0.000175564
0.000803509
0.000175154
0.000438841
0.000647689
0.000364179
-8.30288e-05
0.000786285
8.49443e-05
4.8248e-06
0.000751256
0.00017477
0.000182374
0.000619169
-0.000107281
0.000207749
0.000601411
0.000326093
2.43277e-07
-9.55879e-05
0.000212628
2.88053e-05
0.000249235
0.000809904
-7.50604e-05
0.00029731
0.000138737
0.000248605
0.00082603
0.000683032
0.000667249
0.000796373
2.15121e-05
0.000582744
0.000683564
6.68537e-05
0.000446626
0.000349186
0.000832414
3.49736e-05
-3.31491e-05
0.000107293
0.000537279
0.000368307
5.30879e-05
0.000366402
0.000598043
-7.3856e-05
0.000206476
0.000802114
0.000599933
0.000328728
0.000731186
0.00051903
0.000213444
0.000341146
-0.00013391
4.90104e-05
7.71857e-05
0.000515253
0.000694652
0.000709378
0.000604365
0.000627608
0.000550641
-7.46844e-06
0.000439913
0.000277622
3.00889e-06
0.000714662
-0.000161059
0.000366336
7.6259e-05
0.000793849
0.000274117
-1.50834e-06
0.000769669
0.000721763
-9.27236e-05
0.000650357
0.000645803
0.000183332
0.000247369
0.000344335
-0.000157606
0.000563869
0.000639359
0.000348938
0.000193544
0.000767511
9.66249e-05
8.46688e-05
0.000168032
0.000267762
0.000671222
0.000481333
0.000205147
0.000823309
-0.000130441
0.000809112
0.000662221
0.000807634
-0.000103809
0.000330064
0.000163841
-2.06156e-05
0.000305279
-9.84283e-05
8.19377e-05
0.000376275
-5.95892e-05
0.000708387
0.00034739
-7.7017e-05
0.000610302
0.000538071
0.000487367
-0.000135659
-8.20938e-05
0.00024946
-0.000143537
0.000608578
0.000646172
0.000129776
0.000247842
0.0005422
0.00036415
0.000830599
0.000161808
0.000814609
0.000501966
-0.000168664
0.000146596
-9.92522e-05
0.00062913
1.07593e-05
-0.000120232
0.000638023
-0.000106424
-9.01643e-05
0.000557206
0.000275148
0.00047685
0.000697295
0.000305656
-0.00014249
9.98293e-05
0.000344538
1.20363e-05
0.000145311
0.000529013
0.000581357
0.000636154
0.000364908
0.000603157
0.000641702
0.000618911
0.000109204
0.000579315
0.000134918
-5.62571e-05
9.28877e-05
-8.38111e-05
-0.000124359
0.000123648
0.000818393
0.000821986
-8.24262e-05
3.75501e-05
0.000669256
0.000230101
0.000205162
0.00024703
1.18172e-05
8.41348e-05
0.000212502
0.000472045
0.000498617
-3.88156e-05
0.000341407
0.000643457
0.000376089
0.000693439
0.000334711
0.000767158
0.000539912
-0.000112898
-8.44368e-05
0.000138485
7.34774e-05
-5.20613e-05
0.000557981
0.00065734
0.000574984
-0.000120602
0.000546513
0.000792499
1.90764e-05
0.000448276
-3.50579e-05
0.00013662
0.000350632
3.78958e-05
0.000404353
0.000176225
4.50563e-05
6.82507e-05
0.000317333
-7.45546e-06
-7.70948e-05
0.000203898
0.000152091
0.000711862
0.000345273
-2.8419e-05
0.000758039
0.000398728
9.97805e-05
-7.14658e-05
0.000183509
-0.000148469
0.000528574
0.000252744
0.000679251
-1.40966e-07
0.000363088
0.000574386
0.000582184
0.000617122
0.000409754
0.000406709
0.00050645
0.000767553
0.000560851
0.000402906
0.00069326
0.000444741
0.000349932
0.000605664
0.000555929
7.42914e-06
0.000211023
0.000690433
0.000240337
-0.000113617
0.00054103
0.000610499
-0.000127561
0.000180764
0.00035809
-0.000137861
0.000591419
0.000457547
6.49623e-05
0.000518287
0.000578536
-0.000148873
7.71062e-05
-0.000126827
0.000181409
0.000717759
0.00034525
0.000773729
3.44156e-05
0.00075673
0.000220395
0.000286095
0.000512608
-8.48956e-05
-9.63197e-05
7.30455e-05
0.000337408
-4.44945e-05
0.000702136
9.24502e-05
-0.000138906
2.87975e-05
-4.21231e-05
0.000153675
0.000623025
0.000484866
0.000206012
-9.09485e-05
0.000536279
-0.000154953
0.000418965
0.000348171
-6.70684e-06
0.000166807
0.000631902
0.000810338
-0.000110292
0.00023271
0.000789363
-1.50079e-05
0.000182579
0.000521097
0.000416282
3.37197e-05
-9.69075e-05
0.000280974
-7.22134e-05
0.000438268
5.29424e-05
0.000689156
0.00064568
0.000397962
0.000774359
0.000143134
0.000423505
-1.35272e-05
0.000317317
4.08933e-05
0.000826741
0.000154456
0.000621363
-0.000146219
-7.55963e-05
0.000476729
0.000260807
0.000770865
0.000188787
0.000682282
0.000763299
2.13462e-06
0.000785442
0.000708229
0.000632567
-5.03357e-05
0.000420276
0.000824837
0.000790109
0.000691424
0.000487867
-0.000106155
0.000345474
0.000344478
-6.44312e-05
0.00054725
0.000531255
0.000355257
0.000420216
0.000184268
-3.96533e-05
2.21401e-06
0.000465548
-4.05071e-05
0.000337007
4.74969e-06
0.000367664
0.000696567
0.000483653
0.000749078
7.12083e-05
0.000250432
0.000308188
0.000829559
-0.000101872
0.000434363
0.000373695
0.000686043
-0.000143699
0.000696502
0.000296957
0.000319156
0.000478811
0.000780401
-4.32763e-06
0.000710417
0.000569791
0.000611858
0.000451234
0.000779062
0.000646645
0.000266889
0.000135307
0.000640862
2.46934e-05
0.000170679
0.000582509
0.000285219
0.000711902
-2.45624e-05
0.000134872
0.000188665
0.000587055
0.000134866
0.000309363
0.000692792
0.000172343
0.000723028
0.000652224
0.000456863
0.00031622
0.000620904
0.000229903
5.54509e-05
0.000440828
0.000505311
0.00056245
0.000694194
0.000769914
0.000180823
1.65528e-05
0.000497907
0.000652468
0.000784303
0.000314028
0.000161553
0.000809177
0.000724373
0.000212293
0.000169512
5.59073e-06
0.000358173
1.91734e-05
0.000358376
0.000787179
0.000101578
6.03087e-05
0.000204458
0.000263947
0.000421802
7.03e-05
0.000482674
0.000528612
0.000623111
0.000338221
0.000574727
0.000672023
-8.06194e-05
0.000547245
0.000731449
0.000816113
0.00034582
0.000116758
-2.24538e-05
0.000404538
0.000128049
0.0002327
0.000628782
0.000573531
0.00041438
0.000144672
0.000582289
-1.04117e-06
0.000539296
0.000657835
0.000436078
0.000261651
0.000646202
0.00078899
0.000394968
0.000125989
0.000110556
0.000713836
8.58187e-05
0.000462497
0.000152803
-3.82279e-05
0.000234732
0.000464097
0.000725806
0.000579578
0.000502446
0.000188173
0.000355122
-8.39883e-05
0.000576903
0.000788339
0.000458763
-4.4602e-05
0.000560522
0.000157345
8.56092e-05
0.000506644
0.000746592
0.000795445
0.000280761
0.000332205
0.000770496
0.000326646
0.000214082
-2.86652e-05
0.000422821
0.000135172
-4.92907e-05
0.000596183
0.000696876
0.000194754
-5.73616e-05
0.00030449
-0.000140277
-0.000140644
-9.20215e-05
9.22159e-05
0.00037901
-0.00011123
0.000662224
-7.36499e-05
-8.00293e-05
0.000734382
4.63045e-05
-0.000157372
0.000344287
0.000776772
0.000829972
0.000249037
0.000584343
0.000107984
6.07175e-05
0.000108957
0.000326616
0.000826832
-0.000107146
0.000333422
0.000573173
-0.000124929
7.18102e-05
0.000110061
0.000534278
-0.000153613
0.000387041
7.05562e-05
0.000594216
0.000727375
0.000156446
-4.9371e-05
0.000546091
5.65294e-05
-0.000100363
9.95826e-05
0.000394299
0.000546276
0.000775234
0.000614388
-2.54316e-05
-4.83655e-06
0.00079361
0.000462206
